08,30,2022-08,31,2022 93

05,20,2022 245

01,09,2024-01,13,2024 442

07,30,2021 345

07,31,2021 673

03,04,2021 95

04,08,2019 153

04,21,2019 77

07,11,2021 79

04,14,2023 251

09,09,2020 63

08,18,2022 1

02,08,2020 74

10,06,2021 12

03,16,2019 104

02,02,2020 91

08,30,2022 8

10,21,2017 5

04,29,2021 48

07,11,2021 5

06,03,2019 51

03,10,2020 22

08,26,2018 195

02,01,2020 2

04,22,2019 7

11,18,2019 59

05,30,2023 74

03,10,2019 19

03,22,2019 77

02,06,2019 8

01,14,2021 56

03,27,2019 34

07,11,2021 23

05,26,2021 94

10,02,2022 124

12,11,2016 90

01,07,2019 56

03,03,2020 4

03,17,2019 96

12,01,2021 7

01,13,2021 27

02,03,2020 5

04,16,2021 12

09,23,2021 14

11,15,2022 31

08,11,2021 2500

03,19,2019 3

03,24,2019 18

04,30,2021 16

07,30,2021 208

07,30,2021 21

03,18,2019 107

05,17,2023 48

08,15,2022 3

06,17,2019 28

12,02,2020 55

03,05,2022 8

12,21,2023 1

04,26,2019 24

02,25,2022 33

01,03,2021 7

03,30,2023 59

05,31,2023 431

02,24,2019 43

08,02,2021 495

12,21,2021 9

06,01,2021 9

12,19,2019 10

03,16,2019 210

02,24,2019 264

03,18,2019 69

05,22,2019 98

07,11,2021 3

02,16,2021 7

03,16,2019 26

08,07,2021 11

05,10,2019 9

09,16,2016 29

05,16,2019 24

03,18,2021 4

03,30,2020 4

08,12,2021 89

08,12,2021 15







